 0.000405311015767801231628186808819691578
-0.00034016242474489488201508380349480376 
-0.002750174576508950582270918161498229892
-0.001742742450802884203800435791720246925
 0.00514491904143095282048170346911319939 
 0.00647577832444999178934663675022420648 
-0.005688549901704380643008285289852210553
-0.012684265463106197610598790959102188936
 0.002481796048743348855752932635709839815
 0.016010774424118787151449794237123569474
 0.002238502738979868469937350994314329   
-0.012575706152746817662047007502224005293
-0.001412795997052509891847571488199264422
 0.004061578894418744513361563264197684475
-0.01266424062197312253030823114841041388 
-0.000018583780189881667999161202198266096
 0.04082687770643528973879554655468382407 
 0.013364721489256473421769477738507703179
-0.072285942032691605230176890017901314422
-0.050517310184135445771946848481093184091
 0.088309127140497448160694204943865770474
 0.103364573239606155619085825492220465094
-0.073780603871570760166065383600653149188
-0.150637807286995051292421976540936157107
 0.028830894692171232795985247321368660778
 0.169635266121260896987621435982873663306
 0.028830894692171232795985247321368660778
-0.150637807286995051292421976540936157107
-0.073780603871570760166065383600653149188
 0.103364573239606155619085825492220465094
 0.088309127140497448160694204943865770474
-0.050517310184135445771946848481093184091
-0.072285942032691605230176890017901314422
 0.013364721489256473421769477738507703179
 0.04082687770643528973879554655468382407 
-0.000018583780189881667999161202198266096
-0.01266424062197312253030823114841041388 
 0.004061578894418744513361563264197684475
-0.001412795997052509891847571488199264422
-0.012575706152746817662047007502224005293
 0.002238502738979868469937350994314329   
 0.016010774424118787151449794237123569474
 0.002481796048743348855752932635709839815
-0.012684265463106197610598790959102188936
-0.005688549901704380643008285289852210553
 0.00647577832444999178934663675022420648 
 0.00514491904143095282048170346911319939 
-0.001742742450802884203800435791720246925
-0.002750174576508950582270918161498229892
-0.00034016242474489488201508380349480376 
 0.000405311015767801231628186808819691578