-0.00021307971168757521614883776450710684
0.003585507874732575366027997887385936338
-0.008674066394888305456256638592549279565
0.005712816136599698467468666507329544402
0.002987187666597827806480580647985334508
-0.002267598131702849590524140310776601837
-0.002995665564520800985132131799559829233
-0.000300282042601388314464333495479309022
0.002090137424681577388990705301807793148
0.001986816131668038207247484194795106305
-0.000033494733294469974070606266280947239
-0.001847715687179622224070585367883268191
-0.001797664393724503120036706249607050268
-0.00001963103060196176621030918207910787
0.001790339628896476078037669488196570455
0.001904980973200382171964251121210054407
0.000170656559011014954995236192480945192
-0.001821240246112095992336854521909117466
-0.002155879432021039036893039764208879205
-0.000398767114652338742260967441310981485
0.001898349858307241816435251280381635297
0.002511453707925460302613496210710763989
0.000687469585190984226047428151673557295
0.00198576845524951707197547356997802126
-0.002936421798745887830339729163142692414
-0.001061804533801068411297263693882086955
0.002057402176446250681440819363388072816
0.003429728227899096672931511520232561452
0.00152480994886317056113966827979311347
-0.002081380596946012882103582697368437948
-0.003978920383905864936735508052834120463
-0.002110562233301721546396834128245245665
0.002047315146799563029267332581184746232
0.004578275311751841061824741530017490732
0.002825475136292512901015072657173732296
-0.001915918310134391653459795534786280768
-0.005230956896674348634290740989172263653
-0.003684848328319625509336132651583284314
0.001664949348508081971437233548272160988
0.005913039602839885791607521525747870328
0.004722695029812915869238398869356387877
-0.001263555263038160453650804448955113912
-0.006616223107578123562022565096185644506
-0.00596143675252613827048042693945717474
0.000666630464018521935558314606140584146
0.007330051350641319553302910350112142623
0.007434832781527541192834185324045392917
0.000179827100455309623044247713252730136
-0.008042487222844762681517316593726718565
-0.009191783819383583797879566645860904828
-0.001344287463425341720354988517271976889
0.008736971642679907182338361337770038517
0.011307224147507830003256401596445357427
0.002926389095496739582713541238945254008
-0.009397604773290048688072495508549764054
-0.013897564637043976001895551064535538899
-0.005087633428399402149566732589391904185
0.010008736676864941547715481817704130663
0.017173502475900076502668412103957962245
0.008095502945016678705836277174512360943
-0.010554326818135072868498625098254706245
-0.021529029508492052158441509845943073742
-0.012465487318275573352943652594149170909
0.011023091156793911674083297214110643836
0.027800598721372030835974342721783614252
0.01932371313714228988622778615535935387
-0.011401589369463963063999756286648334935
-0.038105991000783372146809568903336185031
-0.031728908831350516317471033289621118456
0.011679894110079759236842100733611005126
0.059675156490332455228031705019020591862
0.061942320500113029480004911420110147446
-0.011851282666057545364668435183830297319
-0.14323670756314138552411918681173119694
-0.269444671888917963720189163723262026906
0.678576121766609863250607759255217388272
-0.269444671888917963720189163723262026906
-0.14323670756314138552411918681173119694
-0.011851282666057545364668435183830297319
0.061942320500113029480004911420110147446
0.059675156490332455228031705019020591862
0.011679894110079759236842100733611005126
-0.031728908831350516317471033289621118456
-0.038105991000783372146809568903336185031
-0.011401589369463963063999756286648334935
0.01932371313714228988622778615535935387
0.027800598721372030835974342721783614252
0.011023091156793911674083297214110643836
-0.012465487318275573352943652594149170909
-0.021529029508492052158441509845943073742
-0.010554326818135072868498625098254706245
0.008095502945016678705836277174512360943
0.017173502475900076502668412103957962245
0.010008736676864941547715481817704130663
-0.005087633428399402149566732589391904185
-0.013897564637043976001895551064535538899
-0.009397604773290048688072495508549764054
0.002926389095496739582713541238945254008
0.011307224147507830003256401596445357427
0.008736971642679907182338361337770038517
-0.001344287463425341720354988517271976889
-0.009191783819383583797879566645860904828
-0.008042487222844762681517316593726718565
0.000179827100455309623044247713252730136
0.007434832781527541192834185324045392917
0.007330051350641319553302910350112142623
0.000666630464018521935558314606140584146
-0.00596143675252613827048042693945717474
-0.006616223107578123562022565096185644506
-0.001263555263038160453650804448955113912
0.004722695029812915869238398869356387877
0.005913039602839885791607521525747870328
0.001664949348508081971437233548272160988
-0.003684848328319625509336132651583284314
-0.005230956896674348634290740989172263653
-0.001915918310134391653459795534786280768
0.002825475136292512901015072657173732296
0.004578275311751841061824741530017490732
0.002047315146799563029267332581184746232
-0.002110562233301721546396834128245245665
-0.003978920383905864936735508052834120463
-0.002081380596946012882103582697368437948
0.00152480994886317056113966827979311347
0.003429728227899096672931511520232561452
0.002057402176446250681440819363388072816
-0.001061804533801068411297263693882086955
-0.002936421798745887830339729163142692414
-0.00198576845524951707197547356997802126
0.000687469585190984226047428151673557295
0.002511453707925460302613496210710763989
0.001898349858307241816435251280381635297
-0.000398767114652338742260967441310981485
-0.002155879432021039036893039764208879205
-0.001821240246112095992336854521909117466
0.000170656559011014954995236192480945192
0.001904980973200382171964251121210054407
0.001790339628896476078037669488196570455
-0.00001963103060196176621030918207910787
-0.001797664393724503120036706249607050268
-0.001847715687179622224070585367883268191
-0.000033494733294469974070606266280947239
0.001986816131668038207247484194795106305
0.002090137424681577388990705301807793148
-0.000300282042601388314464333495479309022
-0.002995665564520800985132131799559829233
-0.002267598131702849590524140310776601837
0.002987187666597827806480580647985334508
0.005712816136599698467468666507329544402
-0.008674066394888305456256638592549279565
0.003585507874732575366027997887385936338
-0.00021307971168757521614883776450710684